-2.65012657e+00 -9.68742316e-01 -7.86511429e-02
-1.39706846e+00 -2.08494609e+00 2.20908294e-01
-1.51106087e+00 -6.81818022e-01 -8.33449674e-01
-1.05228549e+00 -1.27660757e+00 -4.65882785e-01
-7.97380253e-01 -9.06000550e-01 -1.59023499e+00
-5.35358907e-01 -1.81235213e+00 -9.41776926e-01
-1.78234151e+00 -3.88411397e-01 4.74893979e-01
-1.18929064e+00 -8.32487404e-01 8.44875578e-01
-8.43686030e-01 -1.59515374e+00 1.39491388e+00
-2.01100793e+00 1.91256675e-01 -5.32546126e-01
-1.27535893e+00 -1.76658123e-01 -2.12637000e-01
-9.03944546e-01 -5.71556923e-01 8.67607746e-02
-6.24103448e-01 -1.09282079e+00 3.94191314e-01
-1.37141799e+00 4.03949018e-01 -1.83932159e+00
-9.67476048e-01 2.72831045e-02 -1.03720298e+00
-6.75389124e-01 -3.45363381e-01 -6.19115101e-01
-4.29944542e-01 -7.76678807e-01 -2.88490927e-01
-2.07030048e-01 -1.46383283e+00 1.31220396e-02
-4.76236707e-01 -1.35945906e-01 -2.59769502e+00
-2.50093709e-01 -5.24737551e-01 -1.17108028e+00
-3.55489152e-02 -1.02199476e+00 -7.10510990e-01
1.77444532e-01 -2.55960575e+00 -3.66015375e-01
3.53502222e-01 -1.35402435e+00 -1.32957618e+00
-1.45811325e+00 7.74979032e-02 1.25520080e+00
-1.58326530e+00 7.00092966e-01 2.76891020e-02
-1.09242051e+00 2.84260865e-01 3.31273779e-01
-7.72368578e-01 -8.54886257e-02 6.69158973e-01
-5.14065212e-01 -4.67930742e-01 1.10908296e+00
-2.84943916e-01 -9.40356738e-01 2.11597199e+00
-1.73753279e+00 2.23709170e+00 -1.14295515e+00
-1.16927744e+00 9.92090019e-01 -6.91964098e-01
-8.29246288e-01 5.04275801e-01 -3.50502705e-01
-5.62238201e-01 1.17904425e-01 -4.58623805e-02
-3.28869427e-01 -2.50824182e-01 2.54556675e-01
-1.11460880e-01 -6.59347282e-01 5.80062214e-01
1.01029478e-01 -1.23679614e+00 9.83158088e-01
-6.11676978e-01 7.52618248e-01 -1.29560466e+00
-3.73402984e-01 3.26416404e-01 -7.88236498e-01
-1.53825524e-01 -4.51899133e-02 -4.29765496e-01
5.88883841e-02 -4.23463965e-01 -1.19658951e-01
2.74177783e-01 -8.79212717e-01 1.79286958e-01
5.02343006e-01 -1.72517336e+00 4.95282457e-01
1.68458966e-02 1.58506924e-01 -1.48561601e+00
2.30878946e-01 -2.09519163e-01 -8.92296207e-01
4.55521203e-01 -6.10037190e-01 -5.11779887e-01
7.04583329e-01 -1.15390905e+00 -1.94102749e-01
6.52364997e-01 -3.79829707e-01 -1.75084552e+00
9.38759966e-01 -8.21229034e-01 -1.00685323e+00
1.32723651e+00 -1.56691781e+00 -5.97331590e-01
1.89758833e+00 -1.07835684e+00 -2.27038167e+00
-1.89758833e+00 1.07835684e+00 2.27038167e+00
-1.32723651e+00 1.56691781e+00 5.97331590e-01
-9.38759966e-01 8.21229034e-01 1.00685323e+00
-6.52364997e-01 3.79829707e-01 1.75084552e+00
-7.04583329e-01 1.15390905e+00 1.94102749e-01
-4.55521203e-01 6.10037190e-01 5.11779887e-01
-2.30878946e-01 2.09519163e-01 8.92296207e-01
-1.68458966e-02 -1.58506924e-01 1.48561601e+00
-5.02343006e-01 1.72517336e+00 -4.95282457e-01
-2.74177783e-01 8.79212717e-01 -1.79286958e-01
-5.88883841e-02 4.23463965e-01 1.19658951e-01
1.53825524e-01 4.51899133e-02 4.29765496e-01
3.73402984e-01 -3.26416404e-01 7.88236498e-01
6.11676978e-01 -7.52618248e-01 1.29560466e+00
-1.01029478e-01 1.23679614e+00 -9.83158088e-01
1.11460880e-01 6.59347282e-01 -5.80062214e-01
3.28869427e-01 2.50824182e-01 -2.54556675e-01
5.62238201e-01 -1.17904425e-01 4.58623805e-02
8.29246288e-01 -5.04275801e-01 3.50502705e-01
1.16927744e+00 -9.92090019e-01 6.91964098e-01
1.73753279e+00 -2.23709170e+00 1.14295515e+00
2.84943916e-01 9.40356738e-01 -2.11597199e+00
5.14065212e-01 4.67930742e-01 -1.10908296e+00
7.72368578e-01 8.54886257e-02 -6.69158973e-01
1.09242051e+00 -2.84260865e-01 -3.31273779e-01
1.58326530e+00 -7.00092966e-01 -2.76891020e-02
1.45811325e+00 -7.74979032e-02 -1.25520080e+00
-3.53502222e-01 1.35402435e+00 1.32957618e+00
-1.77444532e-01 2.55960575e+00 3.66015375e-01
3.55489152e-02 1.02199476e+00 7.10510990e-01
2.50093709e-01 5.24737551e-01 1.17108028e+00
4.76236707e-01 1.35945906e-01 2.59769502e+00
2.07030048e-01 1.46383283e+00 -1.31220396e-02
4.29944542e-01 7.76678807e-01 2.88490927e-01
6.75389124e-01 3.45363381e-01 6.19115101e-01
9.67476048e-01 -2.72831045e-02 1.03720298e+00
1.37141799e+00 -4.03949018e-01 1.83932159e+00
6.24103448e-01 1.09282079e+00 -3.94191314e-01
9.03944546e-01 5.71556923e-01 -8.67607746e-02
1.27535893e+00 1.76658123e-01 2.12637000e-01
2.01100793e+00 -1.91256675e-01 5.32546126e-01
8.43686030e-01 1.59515374e+00 -1.39491388e+00
1.18929064e+00 8.32487404e-01 -8.44875578e-01
1.78234151e+00 3.88411397e-01 -4.74893979e-01
5.35358907e-01 1.81235213e+00 9.41776926e-01
7.97380253e-01 9.06000550e-01 1.59023499e+00
1.05228549e+00 1.27660757e+00 4.65882785e-01
1.51106087e+00 6.81818022e-01 8.33449674e-01
1.39706846e+00 2.08494609e+00 -2.20908294e-01
2.65012657e+00 9.68742316e-01 7.86511429e-02
